37,5
37,4
37,3
37,2
37,1
37,0
36,5
36,4
36,3
36,2
36,1
36,0
35,4
35,3
35,2
35,1
35,0
34,6
34,5
34,4
34,3
34,2
34,1
34,0
33,13
33,12
33,11
33,10
33,9
33,8
33,7
33,6
33,5
33,4
33,3
33,2
33,1
33,0
32,6
32,5
32,4
32,3
32,2
32,1
32,0
31,5
31,4
31,3
31,2
31,1
31,0
30,5
30,4
30,3
30,2
30,1
30,0
29,5
29,4
29,3
29,2
29,1
29,0
28,5
28,4
28,3
28,2
28,1
28,0
27,4
27,3
27,2
27,1
27,0
26,70
26,69
26,68
26,67
26,66
26,65
26,64
26,39
26,38
26,37
26,36
26,35
26,34
26,33
26,32
26,31
26,30
26,29
26,28
26,27
26,26
26,25
26,24
26,23
26,22
26,21
26,20
26,19
26,18
26,17
26,16
26,15
26,14
26,13
26,12
26,11
26,10
26,9
26,8
26,7
26,6
26,5
26,4
26,3
26,2
26,1
26,0
25,336
25,335
25,334
25,333
25,332
25,331
25,330
25,329
25,328
25,327
25,326
25,325
25,324
25,323
25,322
25,321
25,320
25,311
25,310
25,309
25,308
25,307
25,306
25,305
25,304
25,303
25,302
25,301
25,300
25,299
25,298
25,297
25,296
25,295
25,294
25,293
25,292
25,291
25,290
25,289
25,288
25,287
25,286
25,285
25,284
25,283
25,282
25,281
25,280
25,279
25,278
25,277
25,276
25,275
25,274
25,273
25,272
25,271
25,270
25,269
25,268
25,267
25,266
25,265
25,264
25,263
25,262
25,261
25,260
25,259
25,258
25,257
25,256
25,242
25,241
25,240
25,239
25,238
25,237
25,236
25,235
25,234
25,233
25,232
25,231
25,230
25,229
25,228
25,227
25,226
25,225
25,224
25,223
25,222
25,221
25,220
25,219
25,218
25,217
25,216
25,215
25,214
25,213
25,212
25,211
25,210
25,209
25,208
25,207
25,206
25,205
25,204
25,203
25,202
25,201
25,200
25,199
25,198
25,197
25,196
25,195
25,194
25,193
25,192
25,182
25,181
25,180
25,179
25,178
25,177
25,176
25,175
25,174
25,173
25,172
25,171
25,170
25,169
25,168
25,167
25,166
25,165
25,164
25,163
25,162
25,161
25,160
25,159
25,158
25,157
25,156
25,155
25,154
25,153
25,152
25,151
25,150
25,149
25,148
25,147
25,146
25,145
25,144
25,143
25,142
25,141
25,140
25,139
25,138
25,137
25,136
25,135
25,134
25,133
25,132
25,131
25,130
25,129
25,128
25,127
25,126
25,125
25,124
25,123
25,122
25,121
25,120
25,119
25,118
25,117
25,116
25,115
25,114
25,113
25,112
25,111
25,110
25,109
25,108
25,107
25,106
25,105
25,104
25,103
25,102
25,101
25,100
25,99
25,98
25,97
25,96
25,95
25,94
25,93
25,92
25,91
25,90
25,89
25,88
25,87
25,86
25,85
25,84
25,83
25,82
25,81
25,80
25,79
25,78
25,77
25,76
25,75
25,74
25,73
25,72
25,71
25,70
25,69
25,68
25,67
25,66
25,65
25,64
25,50
25,49
25,48
25,47
25,46
25,45
25,44
25,43
25,42
25,41
25,40
25,39
25,38
25,37
25,36
25,35
25,34
25,33
25,32
25,31
25,30
25,29
25,28
25,27
25,26
25,25
25,24
25,23
25,22
25,21
25,20
25,19
25,18
25,17
25,16
25,15
25,14
25,13
25,12
25,11
25,10
25,9
25,8
25,7
25,6
25,5
25,4
25,3
25,2
25,1
25,0
24,143
24,142
24,141
24,140
24,139
24,138
24,137
24,136
24,135
24,134
24,133
24,132
24,131
24,130
24,129
24,128
24,127
24,126
24,125
24,124
24,123
24,122
24,121
24,120
24,119
24,118
24,117
24,116
24,115
24,114
24,113
24,112
24,111
24,110
24,109
24,108
24,107
24,106
24,105
24,104
24,103
24,102
24,101
24,100
24,99
24,98
24,97
24,96
24,95
24,94
24,93
24,92
24,91
24,90
24,89
24,88
24,87
24,86
24,85
24,84
24,83
24,82
24,81
24,80
24,79
24,78
24,77
24,76
24,75
24,74
24,73
24,72
24,71
24,70
24,69
24,68
24,67
24,66
24,65
24,64
24,13
24,12
24,11
24,10
24,9
24,8
24,7
24,6
24,5
24,4
24,3
24,2
24,1
4,3
4,2
4,1
4,0
3,6
3,5
3,4
3,3
3,2
3,1
3,0
1,2
1,1
1,0
24,0
23,4
23,3
23,2
23,1
23,0
22,5
22,4
22,3
22,2
22,1
22,0
21,10
21,9
21,8
21,7
21,6
21,5
21,4
21,3
21,2
21,1
21,0
20,20
20,19
20,18
20,17
20,16
20,15
20,14
20,13
20,12
20,11
20,10
20,9
20,8
20,7
20,6
20,5
20,4
20,3
20,2
20,1
20,0
19,4
0,310
0,305
0,304
0,303
0,302
2,1
19,3
19,2
19,1
19,0
18,8
18,7
18,6
18,5
18,4
18,3
18,2
18,1
18,0
17,5
17,4
17,3
17,2
17,1
17,0
2,7
2,6
2,5
2,4
2,3
2,2
2,0
1,3
0,424
0,423
0,408
0,322
0,308
0,307
0,243
0,12
0,10
0,9
0,8
0,0
0,1
0,433
0,300
0,432
0,299
0,431
0,298
0,430
0,297
0,429
0,296
0,428
0,295
0,427
0,294
0,426
0,293
0,425
0,292
0,439
0,291
0,438
0,290
0,422
0,289
0,421
0,288
0,420
0,287
0,419
0,286
0,418
0,285
0,417
0,284
0,416
0,283
0,415
0,282
0,414
0,281
0,413
0,280
0,412
0,279
0,411
0,278
0,410
0,277
0,409
0,276
0,407
0,275
0,406
0,274
0,405
0,273
0,404
0,272
0,403
0,271
0,402
0,270
0,401
0,269
0,400
0,268
0,399
0,267
0,398
0,266
0,397
0,265
0,396
0,264
0,395
0,263
0,394
0,262
0,393
0,261
0,392
0,260
0,391
0,259
0,390
0,258
0,389
0,257
0,388
0,256
0,387
0,255
0,386
0,254
0,385
0,253
0,384
0,252
0,383
0,251
0,382
0,250
0,381
0,249
0,380
0,248
0,379
0,247
0,378
0,246
0,377
0,245
0,376
0,244
0,375
0,242
0,374
0,241
0,373
0,240
0,372
0,239
0,371
0,238
0,370
0,237
0,369
0,236
0,368
0,235
0,367
0,234
0,366
0,233
0,365
0,232
0,364
0,231
0,363
0,230
0,362
0,229
0,361
0,228
0,360
0,227
0,359
0,226
0,358
0,225
0,357
0,224
0,356
0,223
0,355
0,222
0,354
0,221
0,353
0,220
0,352
0,219
0,351
0,218
0,350
0,217
0,436
0,216
0,435
0,215
0,434
0,214
0,349
0,213
0,348
0,212
0,347
0,211
0,437
0,210
0,346
0,209
0,345
0,208
0,344
0,207
0,343
0,206
0,342
0,205
0,341
0,204
0,340
0,203
0,339
0,202
0,338
0,201
0,337
0,200
0,336
0,199
0,335
0,198
0,440
0,197
0,333
0,196
0,332
0,195
0,331
0,194
0,193
0,329
0,192
0,328
0,63
0,327
0,62
0,326
0,61
0,325
0,60
0,324
0,59
0,323
0,58
0,321
0,57
0,320
0,56
0,319
0,55
0,318
0,54
0,317
0,53
0,316
0,52
0,315
0,51
0,314
0,50
0,313
0,49
0,312
0,48
0,311
0,47
0,309
0,46
0,306
0,45
0,301
0,6
0,5
0,11
0,4
0,2
0,3
0,7
